
------------- Volta 1 completada. -------------
Posicoes dos ciclistas na volta 1:
Ciclic	Pos	Tempo (ms)
24		1	600
3		2	12000
1		3	12000
2		4	12000
5		5	12000
4		6	12000
7		7	12120
6		8	12120
9		9	12120
8		10	12120
13		11	12240
11		12	12240
10		13	12240
14		14	12240
12		15	12360
20		16	12360
15		17	12360
18		18	12360
17		19	12360
27		20	12600
30		21	12600
16		22	12600
22		23	12600
23		24	12600
28		25	12600
25		26	12600
19		27	12600
21		28	12600
26		29	12600
32		30	12720
35		31	12720
33		32	12720
29		33	12720
31		34	12720
34		35	12840
36		36	12840
38		37	12840
40		38	12840
37		39	12840
39		40	12840
41		41	12960
45		42	12960
43		43	12960
44		44	13080
46		45	13080
42		46	13080
49		47	13080
48		48	13080
50		49	13080
59		50	13320
52		51	13320
54		52	13320
53		53	13320
57		54	13320
60		55	13320
47		56	13320
55		57	13320
56		58	13320
51		59	13320
61		60	13440
65		61	13440
62		62	13440
58		63	13440
69		64	13560
67		65	13560
68		66	13560
70		67	13560
63		68	13560
66		69	13560
64		70	13560
72		71	13800
78		72	13800
80		73	13800
74		74	13800
77		75	13800
76		76	13800
75		77	13800
79		78	13800
73		79	13800
71		80	13800
81		81	13920
85		82	13920
84		83	13920
83		84	13920
82		85	13920
88		86	14040
87		87	14040
89		88	14040
86		89	14040
94		90	14280
99		91	14280
97		92	14280
93		93	14280
98		94	14280
95		95	14280
96		96	14280
92		97	14280
91		98	14280
100		99	14280
90		100	14400


------------- Volta 2 completada. -------------
Posicoes dos ciclistas na volta 2:
Ciclic	Pos	Tempo (ms)
24		1	12660
5		2	18000
2		3	18000
1		4	18000
4		5	18000
3		6	18000
8		7	18120
7		8	18120
6		9	18120
13		10	18240
11		11	18240
14		12	18240
17		13	18360
15		14	18360
20		15	18360
18		16	18360
12		17	18360
21		18	18600
27		19	18600
16		20	18600
19		21	18600
26		22	18600
25		23	18600
29		24	18720
31		25	18720
32		26	18720
38		27	18840
39		28	18840
37		29	18840
34		30	18840
40		31	18840
36		32	18840
43		33	18960
45		34	18960
41		35	18960
50		36	19080
46		37	19080
48		38	19080
44		39	19080
42		40	19080
49		41	19080
54		42	19320
60		43	19320
52		44	19320
47		45	19320
56		46	19320
51		47	19320
55		48	19380
59		49	19380
58		50	19440
61		51	19440
65		52	19440
62		53	19440
69		54	19560
68		55	19560
66		56	19560
64		57	19560
78		58	19800
73		59	19800
71		60	19800
77		61	19800
76		62	19800
72		63	19800
80		64	19860
75		65	19860
74		66	19860
83		67	19920
85		68	19920
84		69	19920
82		70	19920
87		71	20040
88		72	20040
96		73	20280
95		74	20280
92		75	20280
98		76	20280
94		77	20280
91		78	20280
93		79	20340
97		80	20340
100		81	20340
99		82	20340
90		83	20400
9		84	24120
10		85	24240
30		86	24600
28		87	24600
23		88	24600
22		89	24600
35		90	24720
33		91	24720
53		92	25320
57		93	25320
63		94	25560
70		95	25560
67		96	25560
79		97	25800
89		98	26040
81		99	26040
86		100	26040

Quebra! O ciclista 41 quebrou na volta 6.

------------- Volta 3 completada. -------------
Posicoes dos ciclistas na volta 3:
Ciclic	Pos	Tempo (ms)
24		1	18660
3		2	24000
4		3	24000
5		4	24000
8		5	24120
6		6	24120
7		7	24120
13		8	24240
15		9	24360
20		10	24360
12		11	24360
27		12	24600
21		13	24600
16		14	24600
19		15	24600
25		16	24600
29		17	24720
31		18	24720
40		19	24840
37		20	24840
34		21	24840
38		22	24840
43		23	24960
41		24	24960
46		25	25080
50		26	25080
54		27	25320
60		28	25320
52		29	25320
56		30	25320
51		31	25320
65		32	25440
61		33	25440
66		34	25560
69		35	25560
64		36	25560
76		37	25800
78		38	25800
74		39	25860
75		40	25860
80		41	25860
82		42	25920
85		43	25920
88		44	26040
87		45	26040
98		46	26280
94		47	26280
91		48	26280
97		49	26340
93		50	26340
90		51	26400
2		52	30000
1		53	30000
9		54	30120
10		55	30240
14		56	30240
11		57	30240
17		58	30360
18		59	30360
30		60	30600
22		61	30600
26		62	30600
28		63	30660
23		64	30660
35		65	30720
33		66	30720
32		67	30720
39		68	30840
36		69	30840
49		70	31080
44		71	31080
45		72	31080
48		73	31080
42		74	31080
47		75	31320
55		76	31380
59		77	31380
53		78	31380
62		79	31440
58		80	31440
68		81	31560
67		82	31560
70		83	31560
71		84	31800
77		85	31800
79		86	31800
73		87	31800
72		88	31800
84		89	31920
83		90	31920
95		91	32280
96		92	32280
92		93	32280
99		94	32340
100		95	32340
57		96	37320
63		97	37560
81		98	38040
89		99	38040

Quebra! O ciclista 46 quebrou na volta 6.
Quebra! O ciclista 6 quebrou na volta 6.
Quebra! O ciclista 11 quebrou na volta 6.
Quebra! O ciclista 66 quebrou na volta 6.

------------- Volta 4 completada. -------------
Posicoes dos ciclistas na volta 4:
Ciclic	Pos	Tempo (ms)
24		1	24660
5		2	30000
4		3	30000
6		4	30120
13		5	30240
25		6	30600
27		7	30600
19		8	30600
16		9	30660
31		10	30720
38		11	30840
40		12	30840
34		13	30840
41		14	30960
43		15	30960
60		16	31320
54		17	31320
52		18	31320
56		19	31320
51		20	31320
65		21	31440
61		22	31440
69		23	31560
64		24	31560
76		25	31800
74		26	31860
82		27	31920
85		28	31920
88		29	32040
98		30	32280
94		31	32280
90		32	32400
1		33	36000
3		34	36000
2		35	36000
9		36	36120
7		37	36120
8		38	36120
14		39	36240
11		40	36240
18		41	36360
12		42	36360
20		43	36360
17		44	36360
15		45	36360
21		46	36600
22		47	36600
26		48	36600
23		49	36660
32		50	36720
35		51	36720
29		52	36720
39		53	36840
36		54	36840
37		55	36840
44		56	37080
45		57	37080
46		58	37080
42		59	37080
50		60	37080
53		61	37380
55		62	37380
59		63	37380
62		64	37440
58		65	37440
66		66	37560
72		67	37800
73		68	37800
77		69	37800
78		70	37800
71		71	37800
75		72	37860
80		73	37860
83		74	37920
84		75	37920
87		76	38040
96		77	38280
95		78	38280
91		79	38280
93		80	38340
97		81	38340
10		82	42240
30		83	42600
28		84	42660
33		85	42720
49		86	43080
48		87	43080
57		88	43320
47		89	43320
67		90	43560
63		91	43560
68		92	43560
70		93	43560
79		94	43800
81		95	44040
89		96	44040
92		97	44280
99		98	44340
100		99	44340


------------- Volta 5 completada. -------------
Posicoes dos ciclistas na volta 5:
Ciclic	Pos	Tempo (ms)
24		1	30660
5		2	36000
19		3	36600
16		4	36660
31		5	36720
34		6	36840
41		7	36960
51		8	37320
52		9	37320
60		10	37320
65		11	37440
61		12	37440
69		13	37560
64		14	37560
76		15	37800
85		16	37920
82		17	37920
88		18	38040
94		19	38280
90		20	38400
2		21	42000
1		22	42000
4		23	42000
6		24	42120
8		25	42120
13		26	42240
20		27	42360
18		28	42360
12		29	42360
15		30	42360
22		31	42600
27		32	42600
25		33	42600
21		34	42600
23		35	42660
29		36	42720
32		37	42720
38		38	42840
37		39	42840
36		40	42840
40		41	42840
43		42	42960
45		43	43080
42		44	43080
50		45	43080
46		46	43080
54		47	43320
56		48	43320
55		49	43380
71		50	43800
78		51	43800
75		52	43860
74		53	43860
84		54	43920
83		55	43920
87		56	44040
91		57	44280
95		58	44280
96		59	44280
98		60	44280
97		61	44340
93		62	44340
3		63	48000
7		64	48120
9		65	48120
11		66	48240
10		67	48240
14		68	48240
17		69	48360
26		70	48600
28		71	48660
35		72	48720
39		73	48840
44		74	49080
49		75	49080
47		76	49320
57		77	49320
53		78	49380
59		79	49380
58		80	49440
62		81	49440
63		82	49560
66		83	49560
70		84	49560
67		85	49560
73		86	49800
77		87	49800
72		88	49800
79		89	49800
80		90	49860
81		91	50040
89		92	50040
92		93	50280
99		94	50340
30		95	54600
33		96	54720
48		97	55080
68		98	55560


------------- Volta 6 completada. -------------
Posicoes dos ciclistas na volta 6:
Ciclic	Pos	Tempo (ms)
24		1	36660
5		2	42000
16		3	42660
31		4	42720
61		5	43440
69		6	43560
76		7	43800
85		8	43920
82		9	43920
88		10	44040
90		11	44400
1		12	48000
13		13	48240
15		14	48360
12		15	48360
22		16	48600
21		17	48600
25		18	48600
19		19	48600
29		20	48720
37		21	48840
36		22	48840
40		23	48840
34		24	48840
43		25	48960
50		26	49080
45		27	49080
60		28	49320
52		29	49320
51		30	49320
56		31	49320
55		32	49380
65		33	49440
64		34	49560
78		35	49800
74		36	49860
75		37	49860
84		38	49920
94		39	50280
96		40	50280
98		41	50280
93		42	50340
97		43	50340
2		44	54000
4		45	54000
3		46	54000
7		47	54120
8		48	54120
10		49	54240
17		50	54360
18		51	54360
20		52	54360
27		53	54600
23		54	54660
28		55	54660
32		56	54720
35		57	54720
39		58	54840
38		59	54840
42		60	55080
49		61	55080
54		62	55320
57		63	55320
59		64	55380
53		65	55380
58		66	55440
62		67	55440
70		68	55560
67		69	55560
77		70	55800
72		71	55800
71		72	55800
79		73	55800
73		74	55800
80		75	55860
83		76	55920
89		77	56040
87		78	56040
95		79	56280
91		80	56280
9		81	60120
14		82	60240
26		83	60600
30		84	60600
33		85	60720
48		86	61080
44		87	61080
47		88	61320
63		89	61560
68		90	61560
81		91	62040
92		92	62280
99		93	62340


------------- Volta 7 completada. -------------
Posicoes dos ciclistas na volta 7:
Ciclic	Pos	Tempo (ms)
24		1	42660
5		2	48000
16		3	48660
31		4	48720
69		5	49560
85		6	49920
82		7	49920
90		8	50400
15		9	54360
22		10	54600
19		11	54600
25		12	54600
21		13	54600
40		14	54840
34		15	54840
43		16	54960
45		17	55080
56		18	55320
60		19	55320
52		20	55320
51		21	55320
55		22	55380
61		23	55440
65		24	55440
64		25	55560
76		26	55800
78		27	55800
74		28	55860
88		29	56040
96		30	56280
94		31	56280
97		32	56340
93		33	56340
1		34	60000
3		35	60000
2		36	60000
8		37	60120
7		38	60120
10		39	60240
13		40	60240
20		41	60360
18		42	60360
17		43	60360
12		44	60360
27		45	60600
23		46	60660
32		47	60720
29		48	60720
37		49	60840
39		50	60840
36		51	60840
42		52	61080
50		53	61080
57		54	61320
53		55	61380
59		56	61380
62		57	61440
70		58	61560
71		59	61800
77		60	61800
80		61	61860
75		62	61860
83		63	61920
84		64	61920
95		65	62280
98		66	62280
91		67	62280
4		68	66000
9		69	66120
30		70	66600
26		71	66600
28		72	66660
35		73	66720
38		74	66840
49		75	67080
48		76	67080
47		77	67320
54		78	67320
58		79	67440
68		80	67560
67		81	67560
63		82	67560
73		83	67800
79		84	67800
72		85	67800
87		86	68040
89		87	68040
81		88	68040
92		89	68280
14		90	72240
33		91	72720
44		92	73080

Quebra! O ciclista 31 quebrou na volta 12.

------------- Volta 8 completada. -------------
Posicoes dos ciclistas na volta 8:
Ciclic	Pos	Tempo (ms)
24		1	48660
5		2	54000
16		3	54660
31		4	54720
69		5	55560
82		6	55920
85		7	55920
15		8	60360
25		9	60600
21		10	60600
19		11	60600
22		12	60600
34		13	60840
43		14	60960
45		15	61080
52		16	61320
60		17	61320
55		18	61380
65		19	61440
74		20	61860
88		21	62040
96		22	62280
90		23	62400
2		24	66000
8		25	66120
7		26	66120
13		27	66240
10		28	66240
18		29	66360
17		30	66360
27		31	66600
23		32	66660
29		33	66720
36		34	66840
40		35	66840
37		36	66840
39		37	66840
50		38	67080
56		39	67320
51		40	67320
57		41	67320
59		42	67380
62		43	67440
61		44	67440
64		45	67560
78		46	67800
76		47	67800
77		48	67800
80		49	67860
75		50	67860
83		51	67920
91		52	68280
95		53	68280
94		54	68280
97		55	68340
93		56	68340
3		57	72000
4		58	72000
1		59	72000
9		60	72120
20		61	72360
12		62	72360
30		63	72600
26		64	72600
35		65	72720
32		66	72720
42		67	73080
49		68	73080
48		69	73080
54		70	73320
47		71	73320
53		72	73380
70		73	73560
63		74	73560
73		75	73800
72		76	73800
71		77	73800
84		78	73920
87		79	74040
81		80	74040
92		81	74280
98		82	74280
14		83	78240
28		84	78660
33		85	78720
38		86	78840
44		87	79080
58		88	79440
67		89	79560
68		90	79560
79		91	79800
89		92	80040

Quebra! O ciclista 19 quebrou na volta 12.
Quebra! O ciclista 78 quebrou na volta 12.
Quebra! O ciclista 20 quebrou na volta 12.

------------- Volta 9 completada. -------------
Posicoes dos ciclistas na volta 9:
Ciclic	Pos	Tempo (ms)
24		1	54660
5		2	60000
16		3	60660
31		4	60720
69		5	61560
15		6	66360
19		7	66600
34		8	66840
60		9	67320
52		10	67320
65		11	67440
74		12	67860
85		13	67920
82		14	67920
88		15	68040
96		16	68280
2		17	72000
7		18	72120
10		19	72240
18		20	72360
21		21	72600
22		22	72600
27		23	72600
25		24	72600
29		25	72720
36		26	72840
40		27	72840
39		28	72840
43		29	72960
45		30	73080
50		31	73080
57		32	73320
59		33	73380
55		34	73380
62		35	73440
61		36	73440
64		37	73560
76		38	73800
78		39	73800
75		40	73860
80		41	73860
83		42	73920
95		43	74280
94		44	74280
90		45	74400
4		46	78000
3		47	78000
1		48	78000
9		49	78120
8		50	78120
13		51	78240
17		52	78360
26		53	78600
23		54	78660
35		55	78720
37		56	78840
49		57	79080
42		58	79080
47		59	79320
51		60	79320
56		61	79320
54		62	79320
63		63	79560
77		64	79800
84		65	79920
91		66	80280
98		67	80280
93		68	80340
97		69	80340
12		70	84360
20		71	84360
30		72	84600
28		73	84660
32		74	84720
33		75	84720
38		76	84840
48		77	85080
44		78	85080
53		79	85380
58		80	85440
68		81	85560
70		82	85560
71		83	85800
72		84	85800
79		85	85800
73		86	85800
87		87	86040
81		88	86040
92		89	86280
14		90	90240
67		91	91560


------------- Volta 10 completada. -------------
Posicoes dos ciclistas na volta 10:
Ciclic	Pos	Tempo (ms)
5		1	66000
24		2	66660
16		3	66660
31		4	66720
69		5	67560
60		6	73320
65		7	73440
74		8	73860
82		9	73920
85		10	73920
2		11	78000
10		12	78240
18		13	78360
15		14	78360
22		15	78600
25		16	78600
19		17	78600
21		18	78600
29		19	78720
34		20	78840
39		21	78840
43		22	78960
45		23	79080
57		24	79320
52		25	79320
59		26	79380
62		27	79440
64		28	79560
76		29	79800
88		30	80040
96		31	80280
95		32	80280
94		33	80280
90		34	80400
7		35	84120
9		36	84120
17		37	84360
27		38	84600
23		39	84660
36		40	84840
40		41	84840
37		42	84840
49		43	85080
42		44	85080
50		45	85080
54		46	85320
51		47	85380
55		48	85380
61		49	85440
63		50	85560
78		51	85800
77		52	85800
80		53	85860
75		54	85860
84		55	85920
83		56	85920
98		57	86280
91		58	86280
93		59	86340
3		60	90000
1		61	90000
4		62	90000
8		63	90120
13		64	90240
12		65	90360
20		66	90360
30		67	90600
26		68	90600
33		69	90720
35		70	90720
38		71	90840
44		72	91080
48		73	91080
47		74	91320
56		75	91320
53		76	91380
68		77	91560
70		78	91560
79		79	91800
87		80	92040
81		81	92040
92		82	92280
97		83	92340
28		84	96660
32		85	96720
58		86	97440
71		87	97800
72		88	97800
73		89	97800
14		90	102240
67		91	103560

Quebra! O ciclista 24 quebrou na volta 18.

------------- Volta 11 completada. -------------
Posicoes dos ciclistas na volta 11:
Ciclic	Pos	Tempo (ms)
16		1	72660
24		2	72660
31		3	72720
5		4	78000
60		5	79320
65		6	79440
69		7	79560
85		8	79920
82		9	79920
18		10	84360
22		11	84600
19		12	84600
21		13	84600
29		14	84720
34		15	84840
43		16	84960
45		17	85080
52		18	85320
57		19	85320
64		20	85560
76		21	85800
74		22	85980
88		23	86040
94		24	86280
95		25	86280
90		26	86400
2		27	90000
7		28	90120
9		29	90120
10		30	90240
15		31	90360
17		32	90360
25		33	90600
27		34	90600
23		35	90660
37		36	90840
40		37	90840
36		38	90840
39		39	90840
42		40	91080
49		41	91080
50		42	91080
54		43	91320
51		44	91380
59		45	91380
55		46	91380
62		47	91440
61		48	91440
63		49	91560
78		50	91800
75		51	91860
80		52	91860
84		53	91920
96		54	92280
91		55	92280
1		56	96000
3		57	96000
13		58	96240
20		59	96360
30		60	96600
33		61	96720
38		62	96840
44		63	97080
48		64	97080
56		65	97320
53		66	97380
68		67	97560
70		68	97560
77		69	97800
83		70	97920
87		71	98040
81		72	98040
98		73	98280
97		74	98340
93		75	98340
4		76	102000
8		77	102120
12		78	102360
26		79	102600
35		80	102720
47		81	103320
58		82	103440
73		83	103800
71		84	103800
79		85	103800
92		86	104280
14		87	108240
28		88	108660
32		89	108720
72		90	109800

Quebra! O ciclista 5 quebrou na volta 18.

------------- Volta 12 completada. -------------
Posicoes dos ciclistas na volta 12:
Ciclic	Pos	Tempo (ms)
16		1	78660
24		2	78660
5		3	84000
60		4	85320
65		5	85440
85		6	85920
82		7	85920
22		8	90600
29		9	90720
43		10	90960
52		11	91320
64		12	91560
69		13	91560
76		14	91800
74		15	91980
88		16	92040
95		17	92280
90		18	92400
2		19	96000
7		20	96120
10		21	96240
17		22	96360
18		23	96360
25		24	96600
21		25	96600
23		26	96660
34		27	96840
39		28	96840
36		29	96840
40		30	96840
42		31	97080
45		32	97080
50		33	97080
49		34	97080
57		35	97320
51		36	97380
59		37	97380
62		38	97440
84		39	97920
96		40	98280
91		41	98280
94		42	98280
3		43	102000
9		44	102120
15		45	102360
27		46	102600
30		47	102600
33		48	102720
38		49	102840
37		50	102840
48		51	103080
54		52	103320
56		53	103320
53		54	103380
55		55	103380
61		56	103440
70		57	103560
63		58	103560
68		59	103560
77		60	103800
80		61	103860
75		62	103860
83		63	103920
87		64	104040
81		65	104040
98		66	104280
93		67	104340
97		68	104340
1		69	108000
4		70	108000
8		71	108120
13		72	108240
35		73	108720
44		74	109080
58		75	109440
73		76	109800
71		77	109800
79		78	109800
92		79	110280
14		80	114240
12		81	114360
26		82	114600
28		83	114660
32		84	114720
47		85	115320
72		86	115800


------------- Volta 13 completada. -------------
Posicoes dos ciclistas na volta 13:
Ciclic	Pos	Tempo (ms)
24		1	84660
16		2	84660
5		3	90000
60		4	91320
65		5	91440
85		6	91920
22		7	96600
29		8	96720
43		9	96960
69		10	97560
64		11	97560
82		12	97920
74		13	97980
95		14	98280
90		15	98400
2		16	102000
18		17	102360
21		18	102600
23		19	102660
40		20	102840
34		21	102840
49		22	103080
50		23	103080
42		24	103080
45		25	103080
52		26	103320
76		27	103800
88		28	104040
94		29	104280
7		30	108120
9		31	108120
10		32	108240
17		33	108360
30		34	108600
27		35	108600
25		36	108600
37		37	108840
39		38	108840
36		39	108840
48		40	109080
57		41	109320
56		42	109320
54		43	109320
55		44	109380
59		45	109380
53		46	109380
51		47	109380
62		48	109440
61		49	109440
63		50	109560
68		51	109560
77		52	109800
80		53	109860
75		54	109860
84		55	109920
81		56	110040
87		57	110040
98		58	110280
91		59	110280
96		60	110280
93		61	110340
97		62	110340
4		63	114000
3		64	114000
1		65	114000
8		66	114120
13		67	114240
15		68	114360
33		69	114720
35		70	114720
38		71	114840
44		72	115080
58		73	115440
70		74	115560
71		75	115800
73		76	115800
83		77	115920
92		78	116280
12		79	120360
32		80	120720
47		81	121320
79		82	121800
14		83	126240
26		84	126600
28		85	126660

Quebra! O ciclista 9 quebrou na volta 18.

------------- Volta 14 completada. -------------
Posicoes dos ciclistas na volta 14:
Ciclic	Pos	Tempo (ms)
16		1	90660
24		2	90660
5		3	96000
60		4	97320
65		5	97440
85		6	97920
22		7	102600
29		8	102720
43		9	102960
64		10	103560
69		11	103560
82		12	103920
74		13	103980
95		14	104280
90		15	104400
18		16	108360
21		17	108600
23		18	108660
34		19	108840
40		20	108840
42		21	109080
45		22	109080
52		23	109320
76		24	109800
88		25	110040
2		26	114000
9		27	114120
7		28	114120
10		29	114240
30		30	114600
25		31	114600
37		32	114840
39		33	114840
36		34	114840
48		35	115080
50		36	115080
49		37	115080
54		38	115320
56		39	115320
57		40	115320
51		41	115380
59		42	115380
53		43	115380
61		44	115440
63		45	115560
77		46	115800
80		47	115860
84		48	115920
81		49	116040
94		50	116280
91		51	116280
96		52	116280
97		53	116340
3		54	120000
1		55	120000
4		56	120000
13		57	120240
15		58	120360
17		59	120360
27		60	120600
33		61	120720
38		62	120840
44		63	121080
55		64	121380
58		65	121440
62		66	121440
68		67	121560
70		68	121560
71		69	121800
75		70	121860
83		71	121920
87		72	122040
98		73	122280
92		74	122280
93		75	122340
8		76	126120
12		77	126360
35		78	126720
73		79	127800
79		80	127800
14		81	132240
26		82	132600
28		83	132660
32		84	132720
47		85	133320

Quebra! O ciclista 56 quebrou na volta 18.
Quebra! O ciclista 96 quebrou na volta 18.
Quebra! O ciclista 33 quebrou na volta 18.

------------- Volta 15 completada. -------------
Posicoes dos ciclistas na volta 15:
Ciclic	Pos	Tempo (ms)
24		1	96660
16		2	102660
85		3	103920
5		4	108000
29		5	108720
43		6	108960
60		7	109320
65		8	109440
69		9	109560
74		10	109980
90		11	110400
18		12	114360
21		13	114600
22		14	114600
23		15	114660
34		16	114840
40		17	114840
42		18	115080
52		19	115320
64		20	115560
76		21	115800
82		22	115920
95		23	116280
7		24	120120
9		25	120120
10		26	120240
30		27	120600
39		28	120840
50		29	121080
45		30	121080
49		31	121080
54		32	121320
59		33	121380
53		34	121380
51		35	121380
61		36	121440
63		37	121560
80		38	121860
84		39	121920
88		40	122040
91		41	122280
94		42	122280
3		43	126000
4		44	126000
1		45	126000
2		46	126000
13		47	126240
15		48	126360
17		49	126360
25		50	126600
33		51	126720
36		52	126840
37		53	126840
48		54	127080
56		55	127320
57		56	127320
55		57	127380
58		58	127440
62		59	127440
68		60	127560
70		61	127560
71		62	127800
77		63	127800
75		64	127860
87		65	128040
81		66	128040
96		67	128280
98		68	128280
93		69	128340
97		70	128340
8		71	132120
12		72	132360
27		73	132600
35		74	132720
38		75	132840
44		76	133080
73		77	133800
79		78	133800
83		79	133920
92		80	134280
14		81	138240
26		82	138600
28		83	138660
32		84	144720


------------- Volta 16 completada. -------------
Posicoes dos ciclistas na volta 16:
Ciclic	Pos	Tempo (ms)
24		1	102660
16		2	108660
85		3	109920
5		4	114000
43		5	114960
65		6	115440
69		7	115560
74		8	115980
90		9	116400
18		10	120360
22		11	120600
23		12	120660
29		13	120720
34		14	120840
40		15	120840
52		16	121320
60		17	121320
64		18	121560
82		19	121920
95		20	122280
9		21	126120
7		22	126120
21		23	126600
42		24	127080
54		25	127320
51		26	127380
53		27	127380
59		28	127380
61		29	127440
63		30	127560
76		31	127800
80		32	127860
88		33	128040
91		34	128280
94		35	128280
2		36	132000
3		37	132000
4		38	132000
10		39	132240
15		40	132360
17		41	132360
25		42	132600
30		43	132600
33		44	132720
37		45	132840
39		46	132840
36		47	132840
50		48	133080
49		49	133080
45		50	133080
56		51	133320
57		52	133320
62		53	133440
70		54	133560
71		55	133800
77		56	133860
84		57	133920
87		58	134040
81		59	134040
96		60	134280
98		61	134280
93		62	134340
1		63	138000
13		64	138240
27		65	138600
48		66	139080
55		67	139380
58		68	139440
68		69	139560
73		70	139800
75		71	139860
83		72	139920
92		73	140280
97		74	140340
8		75	144120
14		76	144240
12		77	144360
26		78	144600
35		79	144720
38		80	144840
44		81	145080
79		82	145800
28		83	150660
32		84	156720

Quebra! O ciclista 68 quebrou na volta 18.

------------- Volta 17 completada. -------------
Posicoes dos ciclistas na volta 17:
Ciclic	Pos	Tempo (ms)
24		1	108660
16		2	114660
85		3	115920
5		4	120000
65		5	121440
74		6	121980
18		7	126360
22		8	126600
23		9	126660
29		10	126720
40		11	126840
43		12	126960
60		13	127320
69		14	127560
90		15	128400
7		16	132120
21		17	132600
34		18	132840
54		19	133320
52		20	133320
61		21	133440
64		22	133560
76		23	133800
80		24	133860
82		25	133920
95		26	134280
91		27	134280
2		28	138000
4		29	138000
9		30	138120
15		31	138360
25		32	138600
39		33	138840
36		34	138840
42		35	139080
50		36	139080
45		37	139080
49		38	139080
53		39	139380
59		40	139380
51		41	139380
63		42	139560
71		43	139800
77		44	139860
84		45	139920
81		46	140040
88		47	140040
96		48	140280
98		49	140280
94		50	140280
93		51	140340
1		52	144000
3		53	144000
10		54	144240
13		55	144240
17		56	144360
27		57	144600
30		58	144600
33		59	144720
37		60	144840
48		61	145080
56		62	145320
57		63	145320
55		64	145380
62		65	145440
70		66	145560
68		67	145560
73		68	145800
75		69	145860
83		70	145920
87		71	146040
92		72	146280
97		73	146340
8		74	150120
14		75	150240
12		76	150360
26		77	150600
35		78	150720
38		79	150840
44		80	151080
58		81	151440
79		82	151800
28		83	156660


------------- Volta 18 completada. -------------
Posicoes dos ciclistas na volta 18:
Ciclic	Pos	Tempo (ms)
16		1	126660
65		2	127440
85		3	127920
74		4	127980
18		5	132360
22		6	132600
23		7	132660
43		8	132960
60		9	133320
69		10	133560
90		11	134400
7		12	138120
29		13	138720
34		14	138840
40		15	138840
54		16	139320
61		17	139440
64		18	139560
76		19	139800
80		20	139860
82		21	139920
91		22	140280
95		23	140280
4		24	144000
15		25	144360
21		26	144600
39		27	144840
49		28	145080
50		29	145080
45		30	145080
42		31	145080
52		32	145320
51		33	145380
53		34	145380
59		35	145380
63		36	145560
71		37	145800
77		38	145860
88		39	146040
94		40	146280
98		41	146280
93		42	146340
2		43	150000
1		44	150000
13		45	150240
17		46	150360
25		47	150600
30		48	150600
27		49	150600
36		50	150840
37		51	150840
57		52	151320
55		53	151380
70		54	151560
84		55	151920
87		56	152040
81		57	152040
92		58	152280
3		59	156000
8		60	156120
10		61	156240
38		62	156840
48		63	157080
44		64	157080
62		65	157440
58		66	157440
73		67	157800
75		68	157860
83		69	157920
97		70	158340
14		71	162240
12		72	162360
26		73	162600
35		74	162720
79		75	163800
28		76	168660


------------- Volta 19 completada. -------------
Posicoes dos ciclistas na volta 19:
Ciclic	Pos	Tempo (ms)
16		1	132660
85		2	133920
65		3	139440
74		4	139980
90		5	140400
7		6	144120
18		7	144360
22		8	144600
23		9	144660
29		10	144720
34		11	144840
40		12	144840
43		13	144960
60		14	145320
69		15	145560
82		16	145920
95		17	146280
4		18	150000
45		19	151080
49		20	151080
54		21	151320
52		22	151320
61		23	151440
63		24	151560
64		25	151560
76		26	151800
77		27	151860
80		28	151860
88		29	152040
98		30	152280
91		31	152280
13		32	156240
15		33	156360
21		34	156600
36		35	156840
39		36	156840
50		37	157080
42		38	157080
59		39	157380
51		40	157380
53		41	157380
71		42	157800
84		43	157920
81		44	158040
87		45	158040
94		46	158280
92		47	158280
93		48	158340
1		49	162000
3		50	162000
2		51	162000
10		52	162240
17		53	162360
27		54	162600
30		55	162600
25		56	162600
37		57	162840
38		58	162840
44		59	163080
57		60	163320
55		61	163380
62		62	163440
58		63	163440
70		64	163560
73		65	163800
75		66	163860
97		67	164340
8		68	168120
14		69	168240
12		70	168360
26		71	168600
35		72	168720
48		73	169080
79		74	169800
83		75	169920

Quebra! O ciclista 63 quebrou na volta 24.

------------- Volta 20 completada. -------------
Posicoes dos ciclistas na volta 20:
Ciclic	Pos	Tempo (ms)
16		1	138660
85		2	139920
65		3	145440
74		4	145980
18		5	150360
23		6	150660
29		7	150720
40		8	150840
34		9	150840
43		10	150960
69		11	151560
82		12	151920
95		13	152280
90		14	152400
4		15	156000
7		16	156120
22		17	156600
49		18	157080
60		19	157320
54		20	157320
52		21	157320
61		22	157440
64		23	157560
63		24	157560
80		25	157860
77		26	157860
98		27	158280
91		28	158280
15		29	162360
21		30	162600
36		31	162840
45		32	163080
50		33	163080
42		34	163080
59		35	163380
53		36	163380
51		37	163380
71		38	163800
76		39	163800
84		40	163920
87		41	164040
81		42	164040
88		43	164040
94		44	164280
2		45	168000
1		46	168000
3		47	168000
13		48	168240
17		49	168360
25		50	168600
27		51	168600
30		52	168600
37		53	168840
39		54	168840
57		55	169320
55		56	169380
62		57	169440
58		58	169440
70		59	169560
73		60	169800
75		61	169860
92		62	170280
93		63	170340
97		64	170340
8		65	174120
14		66	174240
10		67	174240
12		68	174360
26		69	174600
38		70	174840
44		71	175080
48		72	175080
35		73	180720
79		74	181800
83		75	181920

Quebra! O ciclista 60 quebrou na volta 24.

------------- Volta 21 completada. -------------
Posicoes dos ciclistas na volta 21:
Ciclic	Pos	Tempo (ms)
16		1	144660
65		2	151440
85		3	151920
29		4	156720
40		5	156840
34		6	156840
43		7	156960
74		8	157980
95		9	158280
90		10	158400
7		11	162120
18		12	162360
22		13	162600
23		14	162660
54		15	163320
52		16	163320
61		17	163440
64		18	163560
69		19	163560
63		20	163560
82		21	163920
91		22	164280
4		23	168000
45		24	169080
49		25	169080
60		26	169320
59		27	169380
53		28	169380
51		29	169380
76		30	169800
71		31	169800
80		32	169860
77		33	169860
87		34	170040
98		35	170280
2		36	174000
3		37	174000
13		38	174240
15		39	174360
30		40	174600
21		41	174600
27		42	174600
36		43	174840
39		44	174840
50		45	175080
42		46	175080
55		47	175380
62		48	175440
70		49	175560
73		50	175800
84		51	175920
88		52	176040
81		53	176040
94		54	176280
92		55	176280
97		56	176340
1		57	180000
14		58	180240
10		59	180240
17		60	180360
26		61	180600
25		62	180600
38		63	180840
37		64	180840
44		65	181080
48		66	181080
57		67	181320
58		68	181440
75		69	181860
93		70	182340
8		71	186120
12		72	186360
35		73	186720
79		74	187800


------------- Volta 22 completada. -------------
Posicoes dos ciclistas na volta 22:
Ciclic	Pos	Tempo (ms)
16		1	156660
34		2	162840
40		3	162840
43		4	162960
65		5	163440
85		6	163920
74		7	163980
95		8	164280
90		9	164400
7		10	168120
18		11	168360
22		12	168600
29		13	168720
54		14	169320
52		15	169320
61		16	169440
63		17	169560
69		18	169560
4		19	174000
23		20	174660
45		21	175080
60		22	175320
59		23	175380
64		24	175560
76		25	175800
80		26	175860
82		27	175920
91		28	176280
98		29	176280
2		30	180000
3		31	180000
15		32	180360
27		33	180600
30		34	180600
39		35	180840
36		36	180840
49		37	181080
51		38	181380
53		39	181380
71		40	181800
73		41	181800
77		42	181860
84		43	181920
88		44	182040
81		45	182040
87		46	182040
92		47	182280
94		48	182280
1		49	186000
13		50	186240
10		51	186240
14		52	186240
17		53	186360
21		54	186600
37		55	186840
44		56	187080
42		57	187080
50		58	187080
57		59	187320
55		60	187380
62		61	187440
58		62	187440
70		63	187560
75		64	187860
97		65	188340
93		66	188340
8		67	192120
25		68	192600
26		69	192600
38		70	192840
48		71	193080
79		72	193800
12		73	198360
35		74	198720

Quebra! O ciclista 97 quebrou na volta 24.

------------- Volta 23 completada. -------------
Posicoes dos ciclistas na volta 23:
Ciclic	Pos	Tempo (ms)
16		1	162660
34		2	168840
40		3	168840
43		4	168960
65		5	169440
85		6	169920
74		7	169980
90		8	170400
7		9	174120
18		10	174360
22		11	174600
54		12	175320
69		13	175560
63		14	175560
95		15	176280
4		16	180000
29		17	180720
52		18	181320
60		19	181320
61		20	181440
64		21	181560
76		22	181800
82		23	181920
91		24	182280
2		25	186000
15		26	186360
27		27	186600
23		28	186660
39		29	186840
36		30	186840
49		31	187080
45		32	187080
51		33	187380
59		34	187380
71		35	187800
73		36	187800
80		37	187860
77		38	187860
84		39	187920
87		40	188040
81		41	188040
92		42	188280
98		43	188280
1		44	192000
3		45	192000
10		46	192240
13		47	192240
17		48	192360
30		49	192600
21		50	192600
50		51	193080
42		52	193080
44		53	193080
53		54	193380
58		55	193440
75		56	193860
88		57	194040
94		58	194280
97		59	194340
93		60	194340
14		61	198240
25		62	198600
38		63	198840
37		64	198840
48		65	199080
57		66	199320
55		67	199380
62		68	199440
70		69	199560
79		70	199800
8		71	204120
12		72	204360
26		73	204600


------------- Volta 24 completada. -------------
Posicoes dos ciclistas na volta 24:
Ciclic	Pos	Tempo (ms)
16		1	174660
34		2	174840
40		3	174840
43		4	174960
65		5	175440
85		6	175920
74		7	175980
7		8	180120
18		9	180360
69		10	181560
90		11	182400
4		12	186000
22		13	186600
29		14	186720
54		15	187320
64		16	187560
76		17	187800
95		18	188280
91		19	188280
27		20	192600
23		21	192660
36		22	192840
39		23	192840
49		24	193080
45		25	193080
52		26	193320
59		27	193380
61		28	193440
73		29	193800
71		30	193800
80		31	193860
77		32	193860
84		33	193920
82		34	193920
81		35	194040
2		36	198000
1		37	198000
10		38	198240
15		39	198360
17		40	198360
30		41	198600
42		42	199080
50		43	199080
44		44	199080
51		45	199380
53		46	199380
58		47	199440
87		48	200040
98		49	200280
92		50	200280
93		51	200340
3		52	204000
14		53	204240
13		54	204240
25		55	204600
21		56	204600
37		57	204840
55		58	205380
62		59	205440
70		60	205560
79		61	205800
75		62	205860
88		63	206040
94		64	206280
12		65	210360
26		66	210600
38		67	210840
48		68	211080
57		69	211320
8		70	216120


------------- Volta 25 completada. -------------
Posicoes dos ciclistas na volta 25:
Ciclic	Pos	Tempo (ms)
16		1	180660
34		2	180840
43		3	180960
65		4	181440
85		5	181920
74		6	181980
18		7	186360
40		8	186840
69		9	187560
90		10	188400
7		11	192120
22		12	192600
29		13	192720
54		14	193320
95		15	194280
4		16	198000
27		17	198600
23		18	198660
36		19	198840
39		20	198840
49		21	199080
64		22	199560
76		23	199800
71		24	199800
73		25	199800
77		26	199860
82		27	199920
81		28	200040
91		29	200280
10		30	204240
15		31	204360
30		32	204600
42		33	205080
45		34	205080
50		35	205080
44		36	205080
52		37	205320
59		38	205380
53		39	205380
51		40	205380
58		41	205440
61		42	205440
80		43	205860
84		44	205920
98		45	206280
2		46	210000
1		47	210000
13		48	210240
14		49	210240
17		50	210360
21		51	210600
25		52	210600
62		53	211440
79		54	211800
75		55	211860
87		56	212040
88		57	212040
92		58	212280
93		59	212340
3		60	216000
12		61	216360
26		62	216600
37		63	216840
38		64	216840
48		65	217080
57		66	217320
55		67	217380
70		68	217560
94		69	218280


------------- Volta 26 completada. -------------
Posicoes dos ciclistas na volta 26:
Ciclic	Pos	Tempo (ms)
34		1	186840
43		2	186960
85		3	187920
18		4	192360
16		5	192660
65		6	193440
69		7	193560
74		8	193980
7		9	198120
22		10	198600
29		11	198720
40		12	198840
54		13	199320
95		14	200280
90		15	200400
4		16	204000
23		17	204660
39		18	204840
49		19	205080
64		20	205560
76		21	205800
71		22	205800
73		23	205800
77		24	205860
82		25	205920
81		26	206040
91		27	206280
10		28	210240
27		29	210600
36		30	210840
45		31	211080
44		32	211080
50		33	211080
52		34	211320
59		35	211380
53		36	211380
61		37	211440
58		38	211440
98		39	212280
1		40	216000
15		41	216360
17		42	216360
21		43	216600
30		44	216600
25		45	216600
42		46	217080
51		47	217380
62		48	217440
79		49	217800
75		50	217860
80		51	217860
84		52	217920
88		53	218040
87		54	218040
92		55	218280
93		56	218340
2		57	222000
3		58	222000
13		59	222240
14		60	222240
26		61	222600
37		62	222840
38		63	222840
48		64	223080
57		65	223320
55		66	223380
12		67	228360
70		68	229560
94		69	230280

Quebra! O ciclista 92 quebrou na volta 30.

------------- Volta 27 completada. -------------
Posicoes dos ciclistas na volta 27:
Ciclic	Pos	Tempo (ms)
34		1	192840
43		2	192960
85		3	193920
16		4	198660
65		5	199440
7		6	204120
18		7	204360
22		8	204600
40		9	204840
69		10	205560
74		11	205980
95		12	206280
23		13	210660
29		14	210720
54		15	211320
64		16	211560
76		17	211800
71		18	211800
77		19	211860
90		20	212400
4		21	216000
10		22	216240
27		23	216600
39		24	216840
36		25	216840
45		26	217080
49		27	217080
50		28	217080
52		29	217320
59		30	217380
53		31	217380
58		32	217440
61		33	217440
73		34	217800
82		35	217920
81		36	218040
98		37	218280
91		38	218280
1		39	222000
30		40	222600
21		41	222600
42		42	223080
44		43	223080
51		44	223380
62		45	223440
75		46	223860
87		47	224040
92		48	224280
93		49	224340
2		50	228000
13		51	228240
14		52	228240
15		53	228360
17		54	228360
25		55	228600
38		56	228840
48		57	229080
57		58	229320
79		59	229800
80		60	229860
84		61	229920
88		62	230040
3		63	234000
12		64	234360
26		65	234600
37		66	234840
55		67	235380
70		68	235560

Quebra! O ciclista 79 quebrou na volta 30.

------------- Volta 28 completada. -------------
Posicoes dos ciclistas na volta 28:
Ciclic	Pos	Tempo (ms)
34		1	198840
43		2	198960
85		3	199920
16		4	204660
65		5	205440
7		6	210120
18		7	210360
22		8	210600
40		9	210840
69		10	211560
23		11	216660
29		12	216720
54		13	217320
77		14	217860
74		15	217980
95		16	218280
4		17	222000
10		18	222240
27		19	222600
39		20	222840
45		21	223080
50		22	223080
49		23	223080
52		24	223320
59		25	223380
53		26	223380
58		27	223440
61		28	223440
64		29	223560
71		30	223800
73		31	223800
76		32	223800
81		33	224040
91		34	224280
98		35	224280
90		36	224400
1		37	228000
21		38	228600
30		39	228600
36		40	228840
42		41	229080
44		42	229080
51		43	229380
62		44	229440
75		45	229860
82		46	229920
87		47	230040
92		48	230280
2		49	234000
14		50	234240
17		51	234360
15		52	234360
25		53	234600
57		54	235320
79		55	235800
80		56	235860
84		57	235920
93		58	236340
3		59	240000
13		60	240240
26		61	240600
38		62	240840
37		63	240840
48		64	241080
55		65	241380
70		66	241560
88		67	242040
12		68	246360

Quebra! O ciclista 29 quebrou na volta 36.

------------- Volta 29 completada. -------------
Posicoes dos ciclistas na volta 29:
Ciclic	Pos	Tempo (ms)
85		1	205920
16		2	210660
34		3	210840
43		4	210960
65		5	211440
7		6	216120
18		7	216360
40		8	216840
22		9	222600
29		10	222720
54		11	223320
69		12	223560
74		13	223980
4		14	228000
10		15	228240
23		16	228660
50		17	229080
45		18	229080
52		19	229320
59		20	229380
58		21	229440
61		22	229440
64		23	229560
73		24	229800
71		25	229800
77		26	229860
98		27	230280
95		28	230280
90		29	230400
1		30	234000
27		31	234600
30		32	234600
39		33	234840
36		34	234840
44		35	235080
49		36	235080
51		37	235380
53		38	235380
76		39	235800
82		40	235920
81		41	236040
87		42	236040
92		43	236280
91		44	236280
2		45	240000
15		46	240360
21		47	240600
25		48	240600
42		49	241080
62		50	241440
80		51	241860
75		52	241860
3		53	246000
13		54	246240
14		55	246240
17		56	246360
26		57	246600
37		58	246840
48		59	247080
57		60	247320
55		61	247380
70		62	247560
79		63	247800
84		64	247920
93		65	248340
38		66	252840
88		67	254040


------------- Volta 30 completada. -------------
Posicoes dos ciclistas na volta 30:
Ciclic	Pos	Tempo (ms)
16		1	216660
34		2	216840
65		3	217440
85		4	217920
7		5	222120
18		6	222360
43		7	222960
22		8	228600
29		9	228720
40		10	228840
54		11	229320
74		12	229980
10		13	234240
52		14	235320
58		15	235440
64		16	235560
69		17	235560
71		18	235800
73		19	235800
77		20	235860
98		21	236280
95		22	236280
4		23	240000
1		24	240000
27		25	240600
30		26	240600
23		27	240660
36		28	240840
39		29	240840
44		30	241080
50		31	241080
49		32	241080
45		33	241080
59		34	241380
51		35	241380
53		36	241380
61		37	241440
76		38	241800
82		39	241920
87		40	242040
91		41	242280
90		42	242400
2		43	246000
25		44	246600
42		45	247080
62		46	247440
75		47	247860
81		48	248040
13		49	252240
14		50	252240
17		51	252360
15		52	252360
21		53	252600
48		54	253080
57		55	253320
70		56	253560
80		57	253860
84		58	253920
93		59	254340
3		60	258000
26		61	258600
37		62	258840
38		63	258840
55		64	259380
88		65	266040


------------- Volta 31 completada. -------------
Posicoes dos ciclistas na volta 31:
Ciclic	Pos	Tempo (ms)
34		1	222840
65		2	223440
7		3	228120
18		4	228360
16		5	228660
43		6	228960
85		7	229920
29		8	234720
40		9	234840
54		10	235320
10		11	240240
22		12	240600
58		13	241440
71		14	241800
73		15	241800
77		16	241860
74		17	241980
95		18	242280
98		19	242280
1		20	246000
4		21	246000
30		22	246600
27		23	246600
23		24	246660
45		25	247080
50		26	247080
49		27	247080
52		28	247320
59		29	247380
53		30	247380
61		31	247440
64		32	247560
69		33	247560
76		34	247800
82		35	247920
87		36	248040
91		37	248280
90		38	248400
2		39	252000
25		40	252600
39		41	252840
36		42	252840
44		43	253080
51		44	253380
75		45	253860
81		46	254040
15		47	258360
17		48	258360
21		49	258600
42		50	259080
57		51	259320
62		52	259440
80		53	259860
84		54	259920
3		55	264000
13		56	264240
14		57	264240
37		58	264840
48		59	265080
70		60	265560
93		61	266340
26		62	270600
38		63	270840
55		64	271380

Quebra! O ciclista 39 quebrou na volta 36.
Quebra! O ciclista 98 quebrou na volta 36.

------------- Volta 32 completada. -------------
Posicoes dos ciclistas na volta 32:
Ciclic	Pos	Tempo (ms)
65		1	229440
7		2	234120
16		3	234660
34		4	234840
43		5	234960
85		6	235920
18		7	240360
29		8	240720
10		9	246240
22		10	246600
40		11	246840
54		12	247320
58		13	247440
71		14	247800
77		15	247860
95		16	248280
27		17	252600
52		18	253320
59		19	253380
53		20	253380
61		21	253440
64		22	253560
69		23	253560
76		24	253800
73		25	253800
74		26	253980
87		27	254040
91		28	254280
98		29	254280
1		30	258000
2		31	258000
4		32	258000
30		33	258600
25		34	258600
23		35	258660
36		36	258840
39		37	258840
49		38	259080
50		39	259080
45		40	259080
51		41	259380
82		42	259920
90		43	260400
17		44	264360
42		45	265080
44		46	265080
57		47	265320
62		48	265440
80		49	265860
75		50	265860
84		51	265920
81		52	266040
14		53	270240
15		54	270360
21		55	270600
48		56	271080
93		57	272340
3		58	276000
13		59	276240
26		60	276600
38		61	276840
37		62	276840
55		63	277380
70		64	277560


------------- Volta 33 completada. -------------
Posicoes dos ciclistas na volta 33:
Ciclic	Pos	Tempo (ms)
65		1	235440
16		2	240660
43		3	240960
7		4	246120
29		5	246720
34		6	246840
85		7	247920
10		8	252240
18		9	252360
22		10	252600
40		11	252840
54		12	253320
71		13	253800
52		14	259320
53		15	259380
58		16	259440
61		17	259440
69		18	259560
76		19	259800
73		20	259800
77		21	259860
74		22	259980
87		23	260040
95		24	260280
98		25	260280
2		26	264000
4		27	264000
1		28	264000
25		29	264600
27		30	264600
23		31	264660
39		32	264840
45		33	265080
50		34	265080
49		35	265080
59		36	265380
64		37	265560
82		38	265920
91		39	266280
90		40	266400
30		41	270600
36		42	270840
44		43	271080
51		44	271380
62		45	271440
80		46	271860
75		47	271860
81		48	272040
14		49	276240
15		50	276360
17		51	276360
21		52	276600
48		53	277080
42		54	277080
57		55	277320
84		56	277920
3		57	282000
13		58	282240
37		59	282840
55		60	283380
93		61	284340
26		62	288600
38		63	288840

Quebra! O ciclista 44 quebrou na volta 36.
Quebra! O ciclista 90 quebrou na volta 36.

------------- Volta 34 completada. -------------
Posicoes dos ciclistas na volta 34:
Ciclic	Pos	Tempo (ms)
65		1	247440
7		2	252120
16		3	252660
29		4	252720
43		5	252960
85		6	253920
10		7	258240
18		8	258360
34		9	258840
54		10	259320
71		11	259800
22		12	264600
40		13	264840
52		14	265320
53		15	265380
58		16	265440
61		17	265440
69		18	265560
73		19	265800
74		20	265980
87		21	266040
95		22	266280
98		23	266280
2		24	270000
27		25	270600
23		26	270660
39		27	270840
45		28	271080
59		29	271380
64		30	271560
76		31	271800
77		32	271860
91		33	272280
1		34	276000
4		35	276000
30		36	276600
25		37	276600
36		38	276840
50		39	277080
49		40	277080
75		41	277860
82		42	277920
81		43	278040
90		44	278400
14		45	282240
17		46	282360
15		47	282360
21		48	282600
44		49	283080
48		50	283080
42		51	283080
57		52	283320
51		53	283380
62		54	283440
80		55	283860
84		56	283920
3		57	288000
55		58	289380
93		59	290340
13		60	294240
26		61	294600
38		62	294840
37		63	294840


------------- Volta 35 completada. -------------
Posicoes dos ciclistas na volta 35:
Ciclic	Pos	Tempo (ms)
65		1	253440
16		2	258660
29		3	258720
43		4	258960
85		5	259920
7		6	264120
18		7	264360
34		8	264840
54		9	265320
10		10	270240
22		11	270600
40		12	270840
52		13	271320
53		14	271380
61		15	271440
73		16	271800
71		17	271800
74		18	271980
95		19	272280
2		20	276000
23		21	276660
39		22	276840
59		23	277380
58		24	277440
69		25	277560
64		26	277560
76		27	277800
87		28	278040
91		29	278280
98		30	278280
4		31	282000
27		32	282600
25		33	282600
49		34	283080
45		35	283080
50		36	283080
75		37	283860
77		38	283860
90		39	284400
1		40	288000
14		41	288240
17		42	288360
15		43	288360
30		44	288600
36		45	288840
44		46	289080
48		47	289080
57		48	289320
51		49	289380
62		50	289440
84		51	289920
82		52	289920
81		53	290040
21		54	294600
42		55	295080
80		56	295860
3		57	300000
13		58	300240
26		59	300600
38		60	300840
55		61	301380
93		62	302340


------------- Volta 36 completada. -------------
Posicoes dos ciclistas na volta 36:
Ciclic	Pos	Tempo (ms)
65		1	259440
16		2	264660
7		3	270120
18		4	270360
43		5	270960
54		6	271320
85		7	271920
10		8	276240
22		9	276600
40		10	276840
34		11	276840
53		12	277380
61		13	277440
71		14	277800
74		15	277980
2		16	282000
52		17	283320
59		18	283380
58		19	283440
69		20	283560
76		21	283800
73		22	283800
87		23	284040
95		24	284280
25		25	288600
27		26	288600
23		27	288660
50		28	289080
64		29	289560
75		30	289860
77		31	289860
91		32	290280
1		33	294000
4		34	294000
15		35	294360
30		36	294600
36		37	294840
49		38	295080
45		39	295080
57		40	295320
51		41	295380
82		42	295920
81		43	296040
14		44	300240
17		45	300360
21		46	300600
48		47	301080
42		48	301080
62		49	301440
80		50	301860
84		51	301920
3		52	306000
13		53	306240
26		54	306600
38		55	306840
55		56	313380
93		57	314340

Quebra! O ciclista 43 quebrou na volta 42.
Quebra! O ciclista 71 quebrou na volta 42.

------------- Volta 37 completada. -------------
Posicoes dos ciclistas na volta 37:
Ciclic	Pos	Tempo (ms)
65		1	265440
7		2	276120
18		3	276360
16		4	276660
43		5	276960
54		6	277320
85		7	277920
34		8	282840
40		9	282840
53		10	283380
61		11	283440
71		12	283800
10		13	288240
22		14	288600
59		15	289380
58		16	289440
69		17	289560
73		18	289800
74		19	289980
95		20	290280
2		21	294000
50		22	295080
52		23	295320
64		24	295560
76		25	295800
75		26	295860
87		27	296040
91		28	296280
1		29	300000
4		30	300000
15		31	300360
30		32	300600
27		33	300600
25		34	300600
23		35	300660
36		36	300840
45		37	301080
49		38	301080
57		39	301320
77		40	301860
82		41	301920
81		42	302040
14		43	306240
17		44	306360
48		45	307080
42		46	307080
51		47	307380
62		48	307440
80		49	307860
84		50	307920
13		51	312240
21		52	312600
38		53	312840
3		54	318000
26		55	318600
55		56	319380


------------- Volta 38 completada. -------------
Posicoes dos ciclistas na volta 38:
Ciclic	Pos	Tempo (ms)
65		1	271440
7		2	282120
16		3	282660
54		4	283320
85		5	283920
18		6	288360
34		7	288840
40		8	288840
43		9	288960
53		10	289380
71		11	289800
10		12	294240
22		13	294600
59		14	295380
61		15	295440
73		16	295800
95		17	296280
2		18	300000
50		19	301080
52		20	301320
58		21	301440
64		22	301560
69		23	301560
76		24	301800
75		25	301860
74		26	301980
87		27	302040
91		28	302280
1		29	306000
4		30	306000
15		31	306360
27		32	306600
23		33	306660
36		34	306840
45		35	307080
57		36	307320
82		37	307920
81		38	308040
30		39	312600
25		40	312600
48		41	313080
49		42	313080
51		43	313380
62		44	313440
77		45	313860
84		46	313920
13		47	318240
14		48	318240
17		49	318360
21		50	318600
38		51	318840
42		52	319080
80		53	319860
26		54	324600
3		55	330000
55		56	331380

Quebra! O ciclista 21 quebrou na volta 42.

------------- Volta 39 completada. -------------
Posicoes dos ciclistas na volta 39:
Ciclic	Pos	Tempo (ms)
65		1	283440
16		2	288660
54		3	289320
85		4	289920
7		5	294120
18		6	294360
34		7	294840
40		8	294840
43		9	294960
53		10	295380
22		11	300600
59		12	301380
71		13	301800
95		14	302280
2		15	306000
10		16	306240
50		17	307080
52		18	307320
58		19	307440
61		20	307440
69		21	307560
73		22	307800
75		23	307860
74		24	307980
87		25	308040
91		26	308280
4		27	312000
1		28	312000
15		29	312360
23		30	312660
36		31	312840
45		32	313080
57		33	313320
64		34	313560
76		35	313800
82		36	313920
81		37	314040
27		38	318600
30		39	318600
25		40	318600
49		41	319080
51		42	319380
62		43	319440
77		44	319860
84		45	319920
14		46	324240
17		47	324360
21		48	324600
38		49	324840
42		50	325080
48		51	325080
13		52	330240
80		53	331860
3		54	336000
26		55	336600

Quebra! O ciclista 49 quebrou na volta 42.
Quebra! O ciclista 17 quebrou na volta 42.

------------- Volta 40 completada. -------------
Posicoes dos ciclistas na volta 40:
Ciclic	Pos	Tempo (ms)
16		1	294660
65		2	295440
7		3	300120
18		4	300360
34		5	300840
54		6	301320
85		7	301920
22		8	306600
40		9	306840
43		10	306960
53		11	307380
71		12	307800
95		13	308280
2		14	312000
10		15	312240
50		16	313080
59		17	313380
61		18	313440
69		19	313560
73		20	313800
75		21	313860
74		22	313980
91		23	314280
23		24	318660
45		25	319080
52		26	319320
58		27	319440
64		28	319560
76		29	319800
82		30	319920
87		31	320040
4		32	324000
1		33	324000
15		34	324360
30		35	324600
27		36	324600
36		37	324840
49		38	325080
57		39	325320
51		40	325380
77		41	325860
84		42	325920
81		43	326040
17		44	330360
21		45	330600
25		46	330600
48		47	331080
62		48	331440
14		49	336240
38		50	336840
42		51	337080
80		52	337860
3		53	342000
13		54	342240
26		55	342600

Quebra! O ciclista 3 quebrou na volta 42.
Quebra! O ciclista 13 quebrou na volta 42.

------------- Volta 41 completada. -------------
Posicoes dos ciclistas na volta 41:
Ciclic	Pos	Tempo (ms)
65		1	301440
16		2	306660
34		3	306840
54		4	307320
7		5	312120
18		6	312360
22		7	312600
40		8	312840
43		9	312960
53		10	313380
85		11	313920
50		12	319080
69		13	319560
71		14	319800
91		15	320280
95		16	320280
2		17	324000
10		18	324240
23		19	324660
45		20	325080
52		21	325320
59		22	325380
61		23	325440
73		24	325800
75		25	325860
74		26	325980
87		27	326040
4		28	330000
1		29	330000
27		30	330600
30		31	330600
57		32	331320
51		33	331380
58		34	331440
64		35	331560
76		36	331800
77		37	331860
82		38	331920
84		39	331920
81		40	332040
15		41	336360
21		42	336600
36		43	336840
49		44	337080
48		45	337080
62		46	337440
17		47	342360
25		48	342600
38		49	342840
42		50	343080
14		51	348240
13		52	348240
80		53	349860
3		54	354000


------------- Volta 42 completada. -------------
Posicoes dos ciclistas na volta 42:
Ciclic	Pos	Tempo (ms)
65		1	307440
16		2	312660
7		3	318120
18		4	318360
22		5	318600
34		6	318840
40		7	318840
54		8	319320
85		9	319920
50		10	325080
53		11	325380
69		12	325560
91		13	326280
95		14	326280
2		15	330000
10		16	330240
59		17	331380
61		18	331440
73		19	331800
75		20	331860
74		21	331980
87		22	332040
4		23	336000
27		24	336600
23		25	336660
45		26	337080
52		27	337320
57		28	337320
51		29	337380
58		30	337440
64		31	337560
77		32	337860
82		33	337920
1		34	342000
15		35	342360
30		36	342600
36		37	342840
48		38	343080
76		39	343800
84		40	343920
81		41	344040
25		42	348600
38		43	348840
42		44	349080
62		45	349440
14		46	354240
80		47	355860


------------- Volta 43 completada. -------------
Posicoes dos ciclistas na volta 43:
Ciclic	Pos	Tempo (ms)
65		1	313440
16		2	318660
18		3	324360
34		4	324840
40		5	324840
54		6	325320
7		7	330120
22		8	330600
53		9	331380
69		10	331560
85		11	331920
2		12	336000
50		13	337080
59		14	337380
61		15	337440
73		16	337800
75		17	337860
74		18	337980
87		19	338040
91		20	338280
95		21	338280
4		22	342000
10		23	342240
23		24	342660
45		25	343080
57		26	343320
52		27	343320
51		28	343380
58		29	343440
77		30	343860
1		31	348000
27		32	348600
30		33	348600
48		34	349080
64		35	349560
76		36	349800
84		37	349920
82		38	349920
81		39	350040
15		40	354360
36		41	354840
42		42	355080
62		43	355440
14		44	360240
25		45	360600
38		46	360840


------------- Volta 44 completada. -------------
Posicoes dos ciclistas na volta 44:
Ciclic	Pos	Tempo (ms)
65		1	325440
18		2	330360
16		3	330660
34		4	330840
54		5	331320
7		6	336120
22		7	336600
40		8	336840
85		9	337920
2		10	342000
59		11	343380
53		12	343380
69		13	343560
87		14	344040
91		15	344280
10		16	348240
23		17	348660
50		18	349080
45		19	349080
57		20	349320
51		21	349380
61		22	349440
73		23	349800
75		24	349860
74		25	349980
95		26	350280
4		27	354000
1		28	354000
27		29	354600
52		30	355320
58		31	355440
64		32	355560
76		33	355800
77		34	355860
84		35	355920
82		36	355920
81		37	356040
15		38	360360
30		39	360600
48		40	361080
62		41	361440
14		42	366240
36		43	366840
38		44	366840
42		45	367080
25		46	372600


------------- Volta 45 completada. -------------
Posicoes dos ciclistas na volta 45:
Ciclic	Pos	Tempo (ms)
18		1	336360
16		2	336660
65		3	337440
7		4	342120
22		5	342600
34		6	342840
40		7	342840
54		8	343320
85		9	343920
2		10	348000
59		11	349380
53		12	349380
10		13	354240
57		14	355320
61		15	355440
69		16	355560
73		17	355800
75		18	355860
74		19	355980
87		20	356040
95		21	356280
91		22	356280
1		23	360000
27		24	360600
23		25	360660
45		26	361080
50		27	361080
52		28	361320
51		29	361380
77		30	361860
84		31	361920
81		32	362040
4		33	366000
15		34	366360
30		35	366600
48		36	367080
58		37	367440
62		38	367440
64		39	367560
76		40	367800
82		41	367920
14		42	372240
38		43	372840
36		44	372840
42		45	373080


------------- Volta 46 completada. -------------
Posicoes dos ciclistas na volta 46:
Ciclic	Pos	Tempo (ms)
18		1	342360
16		2	342660
65		3	343440
7		4	348120
22		5	348600
34		6	348840
40		7	348840
54		8	349320
2		9	354000
59		10	355380
85		11	355920
53		12	361380
61		13	361440
69		14	361560
73		15	361800
87		16	362040
91		17	362280
10		18	366240
27		19	366600
23		20	366660
45		21	367080
50		22	367080
57		23	367320
51		24	367380
75		25	367860
77		26	367860
74		27	367980
81		28	368040
95		29	368280
1		30	372000
15		31	372360
30		32	372600
48		33	373080
52		34	373320
58		35	373440
64		36	373560
76		37	373800
84		38	373920
82		39	373920
4		40	378000
36		41	378840
38		42	378840
62		43	379440
14		44	384240
42		45	385080

Quebra! O ciclista 48 quebrou na volta 48.
Quebra! O ciclista 84 quebrou na volta 48.

------------- Volta 47 completada. -------------
Posicoes dos ciclistas na volta 47:
Ciclic	Pos	Tempo (ms)
18		1	348360
7		2	354120
22		3	354600
16		4	354660
34		5	354840
40		6	354840
65		7	355440
2		8	360000
54		9	361320
59		10	361380
85		11	361920
53		12	367380
61		13	367440
73		14	367800
87		15	368040
91		16	368280
27		17	372600
23		18	372660
57		19	373320
51		20	373380
69		21	373560
77		22	373860
75		23	373860
74		24	373980
95		25	374280
10		26	378240
15		27	378360
45		28	379080
50		29	379080
52		30	379320
64		31	379560
82		32	379920
81		33	380040
4		34	384000
1		35	384000
30		36	384600
38		37	384840
48		38	385080
62		39	385440
58		40	385440
76		41	385800
84		42	385920
14		43	390240
36		44	390840


------------- Volta 48 completada. -------------
Posicoes dos ciclistas na volta 48:
Ciclic	Pos	Tempo (ms)
7		1	360120
18		2	360360
22		3	360600
16		4	360660
40		5	360840
2		6	366000
34		7	366840
54		8	367320
59		9	367380
65		10	367440
85		11	367920
61		12	373440
73		13	373800
87		14	374040
27		15	378600
23		16	378660
57		17	379320
51		18	379380
53		19	379380
77		20	379860
75		21	379860
91		22	380280
10		23	384240
50		24	385080
45		25	385080
52		26	385320
69		27	385560
82		28	385920
74		29	385980
81		30	386040
95		31	386280
15		32	390360
38		33	390840
58		34	391440
64		35	391560
4		36	396000
1		37	396000
30		38	396600
36		39	396840
62		40	397440
76		41	397800
14		42	402240


------------- Volta 49 completada. -------------
Posicoes dos ciclistas na volta 49:
Ciclic	Pos	Tempo (ms)
18		1	366360
22		2	366600
40		3	366840
2		4	372000
7		5	372120
16		6	372660
34		7	372840
54		8	373320
59		9	373380
65		10	373440
61		11	379440
85		12	379920
27		13	384600
51		14	385380
73		15	385800
87		16	386040
91		17	386280
10		18	390240
23		19	390660
50		20	391080
52		21	391320
57		22	391320
53		23	391380
69		24	391560
77		25	391860
75		26	391860
82		27	391920
74		28	391980
15		29	396360
45		30	397080
58		31	397440
81		32	398040
95		33	398280
1		34	402000
38		35	402840
62		36	403440
64		37	403560
4		38	408000
30		39	408600
36		40	408840
76		41	409800


------------- Volta 50 completada. -------------
Posicoes dos ciclistas na volta 50:
Ciclic	Pos	Tempo (ms)
22		1	372600
2		2	378000
7		3	378120
18		4	378360
16		5	378660
40		6	378840
34		7	378840
54		8	379320
59		9	379380
65		10	385440
61		11	385440
85		12	385920
27		13	390600
51		14	391380
87		15	392040
91		16	392280
23		17	396660
52		18	397320
57		19	397320
53		20	397380
69		21	397560
73		22	397800
75		23	397860
77		24	397860
82		25	397920
10		26	402240
45		27	403080
50		28	403080
58		29	403440
74		30	403980
95		31	404280
15		32	408360
64		33	409560
81		34	410040
1		35	414000
30		36	414600
38		37	414840
36		38	414840
62		39	415440
76		40	415800
4		41	420000

Quebra! O ciclista 95 quebrou na volta 54.

------------- Volta 51 completada. -------------
Posicoes dos ciclistas na volta 51:
Ciclic	Pos	Tempo (ms)
2		1	384000
7		2	384120
18		3	384360
22		4	384600
16		5	384660
34		6	384840
59		7	385380
40		8	390840
54		9	391320
61		10	391440
65		11	391440
85		12	391920
27		13	396600
51		14	397380
23		15	402660
52		16	403320
57		17	403320
73		18	403800
77		19	403860
87		20	404040
91		21	404280
50		22	409080
53		23	409380
58		24	409440
69		25	409560
75		26	409860
82		27	409920
95		28	410280
10		29	414240
15		30	414360
45		31	415080
64		32	415560
74		33	415980
81		34	416040
1		35	420000
30		36	420600
38		37	420840
36		38	426840
62		39	427440
76		40	427800


------------- Volta 52 completada. -------------
Posicoes dos ciclistas na volta 52:
Ciclic	Pos	Tempo (ms)
2		1	390000
7		2	390120
22		3	390600
16		4	390660
59		5	391380
18		6	396360
40		7	396840
34		8	396840
65		9	397440
61		10	397440
85		11	397920
27		12	402600
54		13	403320
23		14	408660
52		15	409320
57		16	409320
51		17	409380
73		18	409800
77		19	409860
87		20	410040
91		21	410280
50		22	415080
53		23	415380
58		24	415440
69		25	415560
82		26	415920
95		27	416280
10		28	420240
45		29	421080
75		30	421860
74		31	421980
81		32	422040
15		33	426360
64		34	427560
1		35	432000
30		36	432600
38		37	432840
62		38	433440
76		39	433800
36		40	438840


------------- Volta 53 completada. -------------
Posicoes dos ciclistas na volta 53:
Ciclic	Pos	Tempo (ms)
2		1	396000
7		2	396120
16		3	396660
22		4	402600
34		5	402840
59		6	403380
65		7	403440
61		8	403440
18		9	408360
40		10	408840
54		11	409320
85		12	409920
27		13	414600
23		14	414660
57		15	415320
51		16	415380
77		17	415860
87		18	416040
91		19	416280
50		20	421080
52		21	421320
58		22	421440
69		23	421560
73		24	421800
82		25	421920
95		26	422280
10		27	426240
45		28	427080
53		29	427380
75		30	427860
74		31	427980
81		32	428040
64		33	433560
1		34	438000
15		35	438360
30		36	438600
38		37	444840
62		38	445440
76		39	445800


------------- Volta 54 completada. -------------
Posicoes dos ciclistas na volta 54:
Ciclic	Pos	Tempo (ms)
2		1	402000
7		2	402120
16		3	402660
34		4	408840
59		5	409380
61		6	409440
18		7	414360
22		8	414600
40		9	414840
65		10	415440
27		11	420600
23		12	420660
54		13	421320
85		14	421920
87		15	422040
91		16	422280
50		17	427080
57		18	427320
52		19	427320
51		20	427380
58		21	427440
73		22	427800
77		23	427860
45		24	433080
53		25	433380
69		26	433560
75		27	433860
82		28	433920
74		29	433980
81		30	434040
10		31	438240
64		32	439560
15		33	444360
1		34	450000
30		35	450600
62		36	451440
38		37	456840
76		38	457800


------------- Volta 55 completada. -------------
Posicoes dos ciclistas na volta 55:
Ciclic	Pos	Tempo (ms)
2		1	408000
7		2	408120
16		3	408660
34		4	414840
59		5	415380
22		6	420600
61		7	421440
65		8	421440
18		9	426360
40		10	426840
54		11	427320
85		12	427920
87		13	428040
91		14	428280
27		15	432600
23		16	432660
50		17	433080
57		18	433320
52		19	433320
51		20	433380
73		21	433800
77		22	433860
53		23	439380
58		24	439440
69		25	439560
82		26	439920
74		27	439980
10		28	444240
45		29	445080
64		30	445560
75		31	445860
81		32	446040
15		33	450360
1		34	456000
30		35	456600
62		36	457440
38		37	468840

Quebra! O ciclista 82 quebrou na volta 60.

------------- Volta 56 completada. -------------
Posicoes dos ciclistas na volta 56:
Ciclic	Pos	Tempo (ms)
7		1	414120
16		2	414660
2		3	420000
34		4	420840
59		5	427380
65		6	427440
22		7	432600
40		8	432840
61		9	433440
87		10	434040
91		11	434280
18		12	438360
23		13	438660
52		14	439320
54		15	439320
51		16	439380
73		17	439800
77		18	439860
85		19	439920
27		20	444600
50		21	445080
57		22	445320
69		23	445560
82		24	445920
10		25	450240
45		26	451080
53		27	451380
58		28	451440
64		29	451560
75		30	451860
74		31	451980
81		32	452040
15		33	462360
30		34	462600
1		35	468000
62		36	469440
38		37	474840


------------- Volta 57 completada. -------------
Posicoes dos ciclistas na volta 57:
Ciclic	Pos	Tempo (ms)
16		1	420660
2		2	426000
7		3	426120
34		4	426840
59		5	433380
65		6	433440
22		7	438600
40		8	438840
61		9	439440
87		10	440040
18		11	444360
54		12	445320
52		13	445320
73		14	445800
77		15	445860
85		16	445920
91		17	446280
27		18	450600
23		19	450660
50		20	451080
57		21	451320
51		22	451380
10		23	456240
45		24	457080
53		25	457380
58		26	457440
69		27	457560
75		28	457860
82		29	457920
74		30	457980
81		31	458040
64		32	463560
15		33	468360
30		34	468600
62		35	475440
1		36	480000


------------- Volta 58 completada. -------------
Posicoes dos ciclistas na volta 58:
Ciclic	Pos	Tempo (ms)
2		1	432000
7		2	432120
16		3	432660
34		4	438840
22		5	444600
40		6	444840
59		7	445380
65		8	445440
87		9	446040
18		10	450360
54		11	451320
52		12	451320
61		13	451440
73		14	451800
91		15	452280
27		16	456600
23		17	456660
51		18	457380
77		19	457860
85		20	457920
10		21	462240
45		22	463080
50		23	463080
57		24	463320
58		25	463440
69		26	463560
82		27	463920
81		28	464040
53		29	469380
64		30	469560
75		31	469860
74		32	469980
15		33	474360
30		34	480600
62		35	481440
1		36	486000

Quebra! O ciclista 30 quebrou na volta 60.

------------- Volta 59 completada. -------------
Posicoes dos ciclistas na volta 59:
Ciclic	Pos	Tempo (ms)
2		1	438000
7		2	444120
16		3	444660
34		4	444840
22		5	450600
40		6	450840
65		7	451440
18		8	456360
54		9	457320
52		10	457320
59		11	457380
61		12	457440
73		13	457800
87		14	458040
91		15	458280
51		16	463380
77		17	463860
85		18	463920
10		19	468240
27		20	468600
23		21	468660
50		22	469080
45		23	469080
57		24	469320
82		25	469920
81		26	470040
53		27	475380
58		28	475440
69		29	475560
64		30	475560
75		31	475860
74		32	475980
15		33	486360
30		34	486600
62		35	487440


------------- Volta 60 completada. -------------
Posicoes dos ciclistas na volta 60:
Ciclic	Pos	Tempo (ms)
2		1	444000
7		2	450120
16		3	450660
34		4	450840
22		5	456600
40		6	456840
65		7	457440
59		8	463380
61		9	463440
73		10	463800
87		11	464040
18		12	468360
52		13	469320
54		14	469320
51		15	469380
91		16	470280
27		17	474600
23		18	474660
50		19	475080
57		20	475320
77		21	475860
85		22	475920
81		23	476040
10		24	480240
45		25	481080
53		26	481380
58		27	481440
64		28	481560
69		29	481560
74		30	481980
75		31	487860
15		32	492360
62		33	499440

Quebra! O ciclista 73 quebrou na volta 66.

------------- Volta 61 completada. -------------
Posicoes dos ciclistas na volta 61:
Ciclic	Pos	Tempo (ms)
2		1	450000
7		2	462120
16		3	462660
40		4	462840
34		5	462840
65		6	463440
22		7	468600
59		8	469380
73		9	469800
87		10	470040
54		11	475320
61		12	475440
18		13	480360
27		14	480600
52		15	481320
51		16	481380
77		17	481860
85		18	481920
81		19	482040
91		20	482280
10		21	486240
23		22	486660
50		23	487080
45		24	487080
57		25	487320
58		26	487440
64		27	487560
69		28	487560
74		29	487980
53		30	493380
75		31	493860
15		32	504360


------------- Volta 62 completada. -------------
Posicoes dos ciclistas na volta 62:
Ciclic	Pos	Tempo (ms)
2		1	462000
7		2	468120
16		3	468660
34		4	468840
22		5	474600
40		6	474840
59		7	475380
65		8	475440
73		9	475800
87		10	476040
54		11	481320
61		12	481440
18		13	486360
27		14	486600
52		15	487320
51		16	487380
85		17	487920
91		18	488280
10		19	492240
23		20	492660
50		21	493080
57		22	493320
58		23	493440
64		24	493560
77		25	493860
81		26	494040
45		27	499080
69		28	499560
74		29	499980
53		30	505380
75		31	505860
15		32	510360


------------- Volta 63 completada. -------------
Posicoes dos ciclistas na volta 63:
Ciclic	Pos	Tempo (ms)
2		1	468000
16		2	474660
34		3	474840
7		4	480120
22		5	480600
40		6	480840
59		7	481380
65		8	481440
73		9	481800
61		10	487440
87		11	488040
27		12	492600
52		13	493320
54		14	493320
51		15	493380
91		16	494280
10		17	498240
18		18	498360
64		19	499560
77		20	499860
85		21	499920
81		22	500040
23		23	504660
50		24	505080
57		25	505320
58		26	505440
69		27	505560
45		28	511080
53		29	511380
75		30	511860
74		31	511980


------------- Volta 64 completada. -------------
Posicoes dos ciclistas na volta 64:
Ciclic	Pos	Tempo (ms)
2		1	474000
16		2	480660
34		3	480840
7		4	486120
40		5	486840
65		6	487440
73		7	487800
22		8	492600
59		9	493380
61		10	493440
87		11	494040
54		12	499320
51		13	499380
91		14	500280
18		15	504360
27		16	504600
52		17	505320
64		18	505560
85		19	505920
81		20	506040
10		21	510240
23		22	510660
57		23	511320
58		24	511440
69		25	511560
77		26	511860
50		27	517080
45		28	517080
74		29	517980
53		30	523380
75		31	523860

Quebra! O ciclista 45 quebrou na volta 66.

------------- Volta 65 completada. -------------
Posicoes dos ciclistas na volta 65:
Ciclic	Pos	Tempo (ms)
2		1	486000
16		2	486660
34		3	486840
65		4	493440
7		5	498120
22		6	498600
40		7	498840
73		8	499800
87		9	500040
59		10	505380
51		11	505380
61		12	505440
91		13	506280
18		14	510360
52		15	511320
54		16	511320
64		17	511560
10		18	516240
27		19	516600
58		20	517440
77		21	517860
85		22	517920
81		23	518040
23		24	522660
50		25	523080
57		26	523320
69		27	523560
74		28	523980
45		29	529080
53		30	529380


------------- Volta 66 completada. -------------
Posicoes dos ciclistas na volta 66:
Ciclic	Pos	Tempo (ms)
2		1	492000
16		2	492660
34		3	492840
65		4	499440
7		5	504120
22		6	504600
40		7	504840
87		8	506040
51		9	511380
61		10	511440
91		11	512280
18		12	516360
54		13	517320
52		14	517320
59		15	517380
64		16	517560
10		17	522240
27		18	522600
77		19	523860
81		20	524040
23		21	528660
50		22	529080
57		23	529320
58		24	529440
69		25	529560
85		26	529920
74		27	535980
53		28	541380


------------- Volta 67 completada. -------------
Posicoes dos ciclistas na volta 67:
Ciclic	Pos	Tempo (ms)
2		1	498000
16		2	498660
34		3	498840
7		4	510120
22		5	510600
40		6	510840
65		7	511440
51		8	517380
61		9	517440
87		10	518040
91		11	518280
54		12	523320
52		13	523320
64		14	523560
10		15	528240
18		16	528360
27		17	528600
59		18	529380
57		19	535320
58		20	535440
77		21	535860
85		22	535920
81		23	536040
23		24	540660
50		25	541080
69		26	541560
74		27	541980

Quebra! O ciclista 87 quebrou na volta 72.

------------- Volta 68 completada. -------------
Posicoes dos ciclistas na volta 68:
Ciclic	Pos	Tempo (ms)
2		1	504000
16		2	504660
34		3	510840
22		4	516600
7		5	522120
40		6	522840
51		7	523380
65		8	523440
87		9	524040
61		10	529440
91		11	530280
10		12	534240
54		13	535320
52		14	535320
59		15	535380
64		16	535560
18		17	540360
27		18	540600
57		19	541320
77		20	541860
81		21	542040
23		22	546660
50		23	547080
58		24	547440
69		25	547560
85		26	547920
74		27	553980

Quebra! O ciclista 52 quebrou na volta 72.

------------- Volta 69 completada. -------------
Posicoes dos ciclistas na volta 69:
Ciclic	Pos	Tempo (ms)
16		1	510660
2		2	516000
34		3	516840
22		4	528600
51		5	529380
65		6	529440
87		7	530040
7		8	534120
40		9	534840
61		10	535440
91		11	536280
10		12	540240
52		13	541320
54		14	541320
59		15	541380
64		16	541560
18		17	546360
27		18	546600
77		19	547860
81		20	548040
57		21	553320
58		22	553440
69		23	553560
85		24	553920
23		25	558660
50		26	559080


------------- Volta 70 completada. -------------
Posicoes dos ciclistas na volta 70:
Ciclic	Pos	Tempo (ms)
2		1	522000
16		2	522660
34		3	528840
22		4	534600
51		5	535380
87		6	536040
7		7	540120
40		8	540840
61		9	541440
65		10	541440
91		11	542280
52		12	547320
64		13	547560
10		14	552240
18		15	552360
54		16	553320
59		17	553380
81		18	554040
27		19	558600
58		20	559440
77		21	559860
23		22	564660
50		23	565080
57		24	565320
69		25	565560
85		26	565920


------------- Volta 71 completada. -------------
Posicoes dos ciclistas na volta 71:
Ciclic	Pos	Tempo (ms)
2		1	528000
16		2	528660
34		3	534840
22		4	540600
7		5	546120
51		6	547380
61		7	547440
65		8	547440
87		9	548040
91		10	548280
40		11	552840
52		12	553320
10		13	558240
18		14	558360
54		15	559320
59		16	559380
64		17	559560
81		18	560040
27		19	564600
58		20	565440
77		21	565860
69		22	571560
23		23	576660
50		24	577080
57		25	577320


------------- Volta 72 completada. -------------
Posicoes dos ciclistas na volta 72:
Ciclic	Pos	Tempo (ms)
2		1	534000
16		2	540660
34		3	546840
7		4	552120
22		5	552600
51		6	553380
40		7	558840
65		8	559440
61		9	559440
91		10	560280
18		11	564360
64		12	565560
81		13	566040
10		14	570240
54		15	571320
59		16	571380
58		17	571440
77		18	571860
27		19	576600
23		20	582660
57		21	583320
69		22	583560
50		23	589080


------------- Volta 73 completada. -------------
Posicoes dos ciclistas na volta 73:
Ciclic	Pos	Tempo (ms)
2		1	546000
16		2	546660
34		3	552840
22		4	558600
51		5	559380
7		6	564120
40		7	564840
61		8	565440
65		9	565440
81		10	572040
91		11	572280
10		12	576240
18		13	576360
54		14	577320
59		15	577380
64		16	577560
27		17	582600
58		18	583440
77		19	583860
69		20	589560
23		21	594660
57		22	595320


------------- Volta 74 completada. -------------
Posicoes dos ciclistas na volta 74:
Ciclic	Pos	Tempo (ms)
2		1	552000
16		2	558660
34		3	558840
22		4	564600
7		5	570120
40		6	570840
51		7	571380
65		8	571440
61		9	577440
81		10	578040
91		11	578280
10		12	582240
18		13	582360
54		14	583320
59		15	583380
64		16	583560
58		17	589440
77		18	589860
27		19	594600
69		20	595560
57		21	601320
23		22	606660


------------- Volta 75 completada. -------------
Posicoes dos ciclistas na volta 75:
Ciclic	Pos	Tempo (ms)
2		1	564000
16		2	564660
34		3	564840
22		4	570600
40		5	576840
7		6	582120
51		7	583380
61		8	583440
65		9	583440
91		10	584280
18		11	588360
59		12	589380
81		13	590040
10		14	594240
54		15	595320
58		16	595440
64		17	595560
27		18	600600
69		19	601560
77		20	601860
57		21	607320


------------- Volta 76 completada. -------------
Posicoes dos ciclistas na volta 76:
Ciclic	Pos	Tempo (ms)
2		1	570000
16		2	576660
34		3	576840
22		4	582600
40		5	588840
51		6	589380
61		7	589440
91		8	590280
7		9	594120
18		10	594360
59		11	595380
65		12	595440
81		13	596040
10		14	600240
54		15	601320
58		16	601440
64		17	601560
27		18	606600
77		19	607860
57		20	613320
69		21	613560


------------- Volta 77 completada. -------------
Posicoes dos ciclistas na volta 77:
Ciclic	Pos	Tempo (ms)
2		1	576000
16		2	582660
34		3	582840
22		4	594600
91		5	596280
7		6	600120
18		7	600360
40		8	600840
59		9	601380
51		10	601380
65		11	601440
61		12	601440
10		13	606240
58		14	607440
64		15	607560
81		16	608040
27		17	612600
54		18	613320
77		19	613860
57		20	625320


------------- Volta 78 completada. -------------
Posicoes dos ciclistas na volta 78:
Ciclic	Pos	Tempo (ms)
2		1	582000
34		2	588840
16		3	594660
7		4	606120
22		5	606600
51		6	607380
65		7	607440
61		8	607440
91		9	608280
18		10	612360
40		11	612840
59		12	613380
64		13	613560
10		14	618240
58		15	619440
77		16	619860
81		17	620040
27		18	624600
54		19	625320
57		20	631320


------------- Volta 79 completada. -------------
Posicoes dos ciclistas na volta 79:
Ciclic	Pos	Tempo (ms)
2		1	594000
16		2	600660
34		3	600840
7		4	612120
61		5	613440
18		6	618360
22		7	618600
40		8	618840
51		9	619380
59		10	619380
65		11	619440
91		12	620280
10		13	624240
58		14	625440
64		15	625560
77		16	625860
81		17	626040
27		18	630600
54		19	631320


------------- Volta 80 completada. -------------
Posicoes dos ciclistas na volta 80:
Ciclic	Pos	Tempo (ms)
2		1	600000
34		2	606840
16		3	612660
7		4	618120
61		5	619440
18		6	624360
22		7	624600
51		8	625380
59		9	625380
91		10	626280
10		11	630240
40		12	630840
65		13	631440
64		14	631560
77		15	631860
81		16	632040
54		17	637320
58		18	637440
27		19	642600


------------- Volta 81 completada. -------------
Posicoes dos ciclistas na volta 81:
Ciclic	Pos	Tempo (ms)
2		1	606000
34		2	618840
7		3	624120
16		4	624660
61		5	625440
18		6	630360
51		7	631380
91		8	632280
10		9	636240
22		10	636600
40		11	636840
59		12	637380
65		13	637440
64		14	637560
77		15	637860
81		16	638040
54		17	643320
58		18	643440

Quebra! O ciclista 51 quebrou na volta 84.

------------- Volta 82 completada. -------------
Posicoes dos ciclistas na volta 82:
Ciclic	Pos	Tempo (ms)
2		1	612000
34		2	624840
7		3	630120
16		4	630660
18		5	636360
61		6	637440
22		7	642600
59		8	643380
51		9	643380
77		10	643860
81		11	644040
91		12	644280
10		13	648240
40		14	648840
54		15	649320
58		16	649440
65		17	649440
64		18	649560

Quebra! O ciclista 10 quebrou na volta 84.

------------- Volta 83 completada. -------------
Posicoes dos ciclistas na volta 83:
Ciclic	Pos	Tempo (ms)
2		1	618000
34		2	630840
7		3	636120
18		4	642360
16		5	642660
61		6	643440
22		7	648600
51		8	649380
59		9	649380
81		10	650040
91		11	650280
40		12	654840
58		13	655440
65		14	655440
77		15	655860
10		16	660240
54		17	661320


------------- Volta 84 completada. -------------
Posicoes dos ciclistas na volta 84:
Ciclic	Pos	Tempo (ms)
2		1	624000
34		2	636840
7		3	642120
18		4	648360
16		5	648660
22		6	654600
61		7	655440
40		8	660840
59		9	661380
65		10	661440
77		11	661860
81		12	662040
91		13	662280
54		14	667320
58		15	667440


------------- Volta 85 completada. -------------
Posicoes dos ciclistas na volta 85:
Ciclic	Pos	Tempo (ms)
2		1	630000
34		2	648840
7		3	654120
16		4	654660
18		5	660360
22		6	666600
40		7	666840
59		8	667380
65		9	667440
61		10	667440
81		11	668040
91		12	668280
77		13	673860
54		14	679320


------------- Volta 86 completada. -------------
Posicoes dos ciclistas na volta 86:
Ciclic	Pos	Tempo (ms)
2		1	636000
7		2	660120
16		3	660660
34		4	660840
18		5	666360
22		6	672600
59		7	673380
65		8	673440
61		9	673440
40		10	678840
81		11	680040
91		12	680280
77		13	685860
54		14	691320

Quebra! O ciclista 18 quebrou na volta 90.

------------- Volta 87 completada. -------------
Posicoes dos ciclistas na volta 87:
Ciclic	Pos	Tempo (ms)
2		1	648000
7		2	666120
16		3	666660
34		4	666840
18		5	672360
59		6	679380
65		7	679440
22		8	684600
61		9	685440
81		10	686040
91		11	686280
40		12	690840
77		13	691860


------------- Volta 88 completada. -------------
Posicoes dos ciclistas na volta 88:
Ciclic	Pos	Tempo (ms)
2		1	654000
7		2	672120
16		3	672660
18		4	678360
34		5	678840
59		6	685380
22		7	690600
65		8	691440
61		9	691440
81		10	692040
91		11	692280
40		12	696840
77		13	703860


------------- Volta 89 completada. -------------
Posicoes dos ciclistas na volta 89:
Ciclic	Pos	Tempo (ms)
2		1	666000
16		2	678660
7		3	684120
34		4	684840
18		5	690360
59		6	697380
22		7	702600
65		8	703440
61		9	703440
81		10	704040
91		11	704280
40		12	708840


------------- Volta 90 completada. -------------
Posicoes dos ciclistas na volta 90:
Ciclic	Pos	Tempo (ms)
2		1	672000
7		2	690120
16		3	690660
34		4	690840
59		5	703380
22		6	708600
61		7	709440
65		8	709440
91		9	710280
40		10	714840
81		11	716040


------------- Volta 91 completada. -------------
Posicoes dos ciclistas na volta 91:
Ciclic	Pos	Tempo (ms)
2		1	678000
7		2	696120
16		3	696660
34		4	702840
59		5	715380
22		6	720600
65		7	721440
61		8	721440
91		9	722280
40		10	726840


------------- Volta 92 completada. -------------
Posicoes dos ciclistas na volta 92:
Ciclic	Pos	Tempo (ms)
2		1	684000
7		2	708120
16		3	708660
34		4	708840
59		5	721380
22		6	726600
65		7	727440
61		8	727440
91		9	728280
40		10	732840


------------- Volta 93 completada. -------------
Posicoes dos ciclistas na volta 93:
Ciclic	Pos	Tempo (ms)
2		1	690000
16		2	714660
7		3	720120
34		4	720840
59		5	727380
22		6	732600
61		7	733440
91		8	734280
65		9	739440


------------- Volta 94 completada. -------------
Posicoes dos ciclistas na volta 94:
Ciclic	Pos	Tempo (ms)
2		1	696000
7		2	726120
16		3	726660
34		4	726840
59		5	733380
22		6	738600
61		7	739440
91		8	740280
65		9	751440

Quebra! O ciclista 91 quebrou na volta 96.

------------- Volta 95 completada. -------------
Posicoes dos ciclistas na volta 95:
Ciclic	Pos	Tempo (ms)
2		1	702000
16		2	732660
34		3	732840
7		4	738120
22		5	744600
59		6	745380
61		7	751440
91		8	752280


------------- Volta 96 completada. -------------
Posicoes dos ciclistas na volta 96:
Ciclic	Pos	Tempo (ms)
2		1	708000
16		2	738660
34		3	738840
7		4	744120
59		5	751380
22		6	756600
61		7	763440


------------- Volta 97 completada. -------------
Posicoes dos ciclistas na volta 97:
Ciclic	Pos	Tempo (ms)
2		1	714000
7		2	750120
16		3	750660
34		4	750840
59		5	763380
22		6	768600


------------- Volta 98 completada. -------------
Posicoes dos ciclistas na volta 98:
Ciclic	Pos	Tempo (ms)
2		1	726000
7		2	756120
34		3	756840
16		4	762660
59		5	769380
22		6	774600


------------- Volta 99 completada. -------------
Posicoes dos ciclistas na volta 99:
Ciclic	Pos	Tempo (ms)
2		1	732000
7		2	762120
16		3	768660
34		4	768840
59		5	775380


------------- Volta 100 completada. -------------
Posicoes dos ciclistas na volta 100:
Ciclic	Pos	Tempo (ms)
2		1	744000
7		2	768120
16		3	774660
34		4	774840
59		5	781380

O ciclista 2 venceu a corrida!!! \o/


------------- Volta 101 completada. -------------
Posicoes dos ciclistas na volta 101:
Ciclic	Pos	Tempo (ms)
2		1	750000
7		2	780120
16		3	780660
34		4	780840


------------- Volta 102 completada. -------------
Posicoes dos ciclistas na volta 102:
Ciclic	Pos	Tempo (ms)
2		1	762000
7		2	786120
16		3	786660
34		4	786840


------------- Volta 103 completada. -------------
Posicoes dos ciclistas na volta 103:
Ciclic	Pos	Tempo (ms)
2		1	768000
16		2	792660
7		3	798120


------------- Volta 106 completada. -------------
Posicoes dos ciclistas na volta 106:
Ciclic	Pos	Tempo (ms)
2		1	786000
16		2	816660


====================== Fim da corrida ======================

--------- Ranqueamento final dos ciclistas ---------
Ciclic	Pos	Tempo
2	1	786000
16	2	816660
7	3	810120
34	4	786840
59	5	781380
22	6	774600
61	7	763440
65	8	751440
40	9	732840
81	10	716040
77	11	703860
54	12	691320
58	13	667440
64	14	649560
27	15	642600
57	16	631320
69	17	613560
23	18	606660
50	19	589080
85	20	565920
74	21	553980
53	22	541380
75	23	523860
15	24	510360
62	25	499440
1	26	486000
38	27	474840
76	28	457800
36	29	438840
4	30	420000
14	31	402240
42	32	385080
25	33	372600
80	34	360240
26	35	342600
55	36	331380
93	37	314340
37	38	294840
70	39	277560
88	40	266040
12	41	246360
94	42	230280
8	43	216120
35	44	198720
83	45	181920
28	46	168660
32	47	156720
47	48	133320
72	49	115800
67	50	103560
89	51	80040
99	52	62340
100	53	44340
86	54	26040

--------- Ciclistas que quebraram ---------
Ciclic	Volta da quebra
91		96
18		90
10		84
51		84
52		72
87		72
45		66
73		66
30		60
82		60
95		54
84		48
48		48
13		42
3		42
17		42
49		42
21		42
71		42
43		42
90		36
44		36
98		36
39		36
29		36
79		30
92		30
97		24
60		24
63		24
68		18
33		18
96		18
56		18
9		18
5		18
24		18
20		12
78		12
19		12
31		12
66		6
11		6
6		6
46		6
41		6

Fim do ep
